GEO.id,GEO.id2,GEO.display-label,HD01_VD01,HD02_VD01,HD01_VD18,HD02_VD18,HD01_VD35,HD02_VD35,HD01_VD52,HD02_VD52
Id,Id2,Geography,Estimate; Total:,Margin of Error; Total:,"Estimate; Total: - Car, truck, or van - carpooled:","Margin of Error; Total: - Car, truck, or van - carpooled:",Estimate; Total: - Walked: - 16 to 19 years,Margin of Error; Total: - Walked: - 16 to 19 years,Estimate; Total: - Worked at home: - 20 to 24 years,Margin of Error; Total: - Worked at home: - 20 to 24 years
0400000US01,01,Alabama,1964105,15947,176571,8805,1962,631,4119,1022
0400000US02,02,Alaska,371382,5372,46229,3668,1321,414,773,457
0400000US04,04,Arizona,2872284,18674,304761,9793,8613,1457,6164,1316
0400000US05,05,Arkansas,1249200,11927,133098,6612,2002,626,1473,530
0400000US06,06,California,17630992,45581,1770645,23375,44186,3111,42969,3595
0400000US08,08,Colorado,2731235,18274,230890,9577,7157,1526,8181,1655
0400000US09,09,Connecticut,1741224,12778,136424,8492,6554,1105,3762,1015
0400000US10,10,Delaware,440156,7251,36013,3538,800,384,626,336
0400000US11,11,District of Columbia,839206,12936,73586,4271,2822,932,1558,622
0400000US12,12,Florida,8827805,36427,792524,18247,11804,1874,17957,2845
0400000US13,13,Georgia,4555994,22343,451376,13332,9561,2326,12054,2257
0400000US15,15,Hawaii,705741,7272,95159,5233,3474,883,3315,1198
0400000US16,16,Idaho,714037,9303,75156,4822,2353,798,3030,957
0400000US17,17,Illinois,6082035,23448,480876,13330,19169,2236,12613,1520
0400000US18,18,Indiana,3012416,18350,261618,10096,9776,1439,6380,1290
0400000US19,19,Iowa,1574850,10000,136578,5968,9663,1550,3920,913
0400000US20,20,Kansas,1426252,11998,128041,5224,3941,689,3914,1054
0400000US21,21,Kentucky,1929752,14847,185427,6786,7764,1165,2869,913
0400000US22,22,Louisiana,2033248,16656,183285,9681,3406,808,2262,890
0400000US23,23,Maine,621181,8105,53630,3735,3500,746,1581,647
0400000US24,24,Maryland,2743587,19263,243741,9528,10181,1476,5624,1044
0400000US25,25,Massachusetts,3532276,17588,264720,10768,23049,2208,8591,1471
0400000US26,26,Michigan,4383993,17263,378855,10208,15103,1456,6588,1352
0400000US27,27,Minnesota,2876109,11512,239581,7406,9586,1248,12374,1639
0400000US28,28,Mississippi,1141953,11389,104622,5627,2478,665,1042,460
0400000US29,29,Missouri,2886690,18643,250690,8492,5840,882,9692,1607
0400000US30,30,Montana,479416,7204,49434,3763,1987,685,1181,536
0400000US31,31,Nebraska,997028,7665,88881,4615,3257,673,2614,700
0400000US32,32,Nevada,1316032,11725,137730,7426,1800,585,1941,843
0400000US33,33,New Hampshire,648037,9330,49705,4093,3943,1141,1978,567
0400000US34,34,New Jersey,3978088,24028,312454,12776,8996,1618,5007,1255
0400000US35,35,New Mexico,871327,12369,77907,5097,1963,733,1498,708
0400000US36,36,New York,9667841,32948,622797,16193,34525,2874,18874,2097
0400000US37,37,North Carolina,4520809,21089,422808,12229,10748,1472,10704,2042
0400000US38,38,North Dakota,437559,5770,39413,3412,1410,535,1092,430
0400000US39,39,Ohio,5393979,20740,418407,11880,18710,1537,9127,1461
0400000US40,40,Oklahoma,1730466,11506,177658,6698,3936,853,4337,943
0400000US41,41,Oregon,1888562,14550,193875,8914,6178,1171,3443,948
0400000US42,42,Pennsylvania,5911288,22804,502487,10665,27996,2169,13762,1894
0400000US44,44,Rhode Island,484342,7695,45177,4496,3404,679,913,393
0400000US45,45,South Carolina,2112333,18257,198772,8218,12129,1845,3835,1132
0400000US46,46,South Dakota,435764,6340,35965,2702,1173,378,1264,470
0400000US47,47,Tennessee,3002764,19872,268957,11226,3611,923,4258,1162
0400000US48,48,Texas,12559656,35659,1278449,25294,26024,2824,24462,2919
0400000US49,49,Utah,1393568,12637,156168,7326,6664,1469,4338,997
0400000US50,50,Vermont,319961,4755,27115,2412,2300,611,845,422
0400000US51,51,Virginia,4005675,20484,353555,12529,14739,2489,8126,1628
0400000US53,53,Washington,3322759,19821,326122,11198,10645,1784,10489,1862
0400000US54,54,West Virginia,705487,9511,60295,3777,1845,620,503,276
0400000US55,55,Wisconsin,2867776,12108,227738,6717,14040,1494,6142,1324
0400000US56,56,Wyoming,297812,5401,31149,2509,1580,759,572,413
0400000US72,72,Puerto Rico,999433,11296,85735,5052,1146,609,806,449
